% Setting variable PCAL_D20180504T1151_RAT_WS1_GS,
% which is ratio of WS1 response over GS response measured on 2018-05-04T1151.
PCAL_D20180504T1151_RAT_WS1_GS = 9.096261e-01;
