% Setting variable PCAL_D20180507T1622_RAT_WS1_GS,
% which is ratio of WS1 response over GS response measured on 2018-05-07T1622.
PCAL_D20180507T1622_RAT_WS1_GS = 9.374340e-01;
