% Setting variable PCAL_D20180503T1656_RAT_WS1_GS,
% which is ratio of WS1 response over GS response measured on 2018-05-03T1656.
PCAL_D20180503T1656_RAT_WS1_GS = 9.101314e-01;
