% Setting variable PCAL_D20180511T1145_RAT_WS1_GS,
% which is ratio of WS1 response over GS response measured on 2018-05-11T1145.
PCAL_D20180511T1145_RAT_WS1_GS = 5.929619e+00;
