% Setting variable PCAL_D20180507T1545_RAT_WS1_GS,
% which is ratio of WS1 response over GS response measured on 2018-05-07T1545.
PCAL_D20180507T1545_RAT_WS1_GS = 8.941512e-01;
